维寒迪
───

 1. ( 387,  161) [紫-撬棍房]
 2. ( 682,  166)
 3. ( 359,  171) [绿-熊洞]
 4. ( 178,  175) [紫-撬棍房]
 5. ( 663,  176) [绿-熊洞]
 6. ( 347,  199)
 7. ( 763,  219) [绿-熊洞]
 8. ( 456,  274) [紫-撬棍房]
 9. ( 788,  310)
10. ( 656,  331) [紫-撬棍房]
11. ( 405,  367) [紫-撬棍房]
12. ( 719,  368) [绿-熊洞]
13. ( 240,  387) [紫-撬棍房]
14. ( 518,  404)
15. ( 569,  447) [紫-撬棍房]
16. ( 593,  449) [绿-熊洞]
17. ( 670,  460) [紫-撬棍房]
18. ( 176,  483)
19. ( 836,  487) [绿-熊洞]
20. ( 862,  488)
21. ( 224,  561) [紫-撬棍房]
22. ( 859,  582) [紫-撬棍房]
23. ( 128,  619) [紫-撬棍房]
24. ( 761,  621) [紫-撬棍房]
25. ( 593,  623)
26. ( 368,  666) [紫-撬棍房]
27. ( 505,  693) [紫-撬棍房]
28. ( 301,  708)
29. ( 829,  735) [紫-撬棍房]
30. ( 765,  739)
31. ( 785,  740) [绿-熊洞]
32. ( 660,  742) [绿-熊洞]
33. ( 402,  756) [紫-撬棍房]
34. ( 478,  765) [绿-熊洞]
35. ( 667,  779) [紫-撬棍房]
36. ( 475,  817) [绿-熊洞]
37. ( 498,  822)
38. ( 542,  844) [紫-撬棍房]
39. ( 452,  873) [紫-撬棍房]
